[gd_scene load_steps=4 format=2]

[ext_resource path="res://Scenes/Fish.tscn" type="PackedScene" id=1]

[sub_resource type="SpatialMaterial" id=1]
albedo_color = Color( 0.0745098, 0.270588, 0.160784, 1 )

[sub_resource type="SpatialMaterial" id=2]
albedo_color = Color( 0.356863, 0.145098, 0.729412, 1 )

[node name="Level1" type="Spatial"]

[node name="CSGBox" type="CSGBox" parent="."]
transform = Transform( 1, 0, 0, 0, 1, 0, 0, 0, 1, 0, -0.0221875, 0 )
width = 15.9693
height = 0.15029
depth = 73.4144
material = SubResource( 1 )

[node name="CSGBox2" type="CSGBox" parent="."]
transform = Transform( 1, 0, 0, 0, 1, 0, 0, 0, 1, 0, 0.358568, 0 )
use_collision = true
width = 1.80519
height = 0.689325
depth = 3.89436
material = SubResource( 2 )

[node name="Fish" parent="." instance=ExtResource( 1 )]
transform = Transform( 0.993417, 0, -0.114556, 0, 1, 0, 0.114556, 0, 0.993417, 0, 3.298, 0 )

[node name="Camera" type="Camera" parent="."]
transform = Transform( -0.59998, 0.386965, -0.700202, 0.0632092, 0.895429, 0.440695, 0.797514, 0.220149, -0.561699, -6.50113, 4.91354, -8.47161 )

[node name="DirectionalLight" type="DirectionalLight" parent="."]
transform = Transform( 0.924812, 0.322559, -0.20169, 0, 0.530171, 0.847891, 0.380425, -0.78414, 0.490308, -12.5697, 4.61921, 4.54996 )
